relatório

para ativar venv :
Set-ExecutionPolicy -ExecutionPolicy RemoteSigned -Scope Process
.\venv\Scripts\activate

Tarefas:
    Rodar no cifar10 os experimentos
    Avaliar a maxvit -> 
    Rodar em algum outro dataset clássico (podemos pensar em qual)
    Reavaliar timm/mini-imagenet -> apenas casos com erros conhecidos (modelos com variação de pesos e maxvit)
    Com os resultados disso fazer uma avaliação dos heatmaps: diferenças entre datasets, padrões que aparecem entre modelos e etc.
    Documentar tudo isso e o que foi feito até agora pra gente realizar uma discussão
    
    incluir modelos que professor pediu nos testes - próximo:  ViT-B/32 (DEFAULT) x vit_h_14 (IMAGENET1K_SWAG_E2E_V1) --

índices de validação utilizados no timm/mini-imagenet "[4772, 4773, 4774, 4775, 4776, 4777, 4778, 4779, 4780, 4781, 4782, 4783, 4784, 4785, 4786, 4787, 4788, 4789, 4790, 4791, 5533, 5534, 5535, 5536, 5537, 5538, 5539, 5540, 5541, 5542, 5543, 5544, 5545, 5546, 5547, 5548, 5549, 5550, 5551, 5552, 5477, 5478, 5479, 5480, 5481, 5482, 5483, 5484, 5485, 5486, 5487, 5488, 5489, 5490, 5491, 5492, 5493, 5494, 5495, 5496, 9619, 9620, 9621, 9622, 9623, 9624, 9625, 9626, 9627, 9628, 9629, 9630, 9631, 9632, 9633, 9634, 9635, 9636, 9637, 9638, 3969, 3970, 3971, 3972, 3973, 3974, 3975, 3976, 3977, 3978, 3979, 3980, 3981, 3982, 3983, 3984, 3985, 3986, 3987, 3988, 2566, 2567, 2568, 2569, 2570, 2571, 2572, 2573, 2574, 2575, 2576, 2577, 2578, 2579, 2580, 2581, 2582, 2583, 2584, 2585, 1603, 1604, 1605, 1606, 1607, 1608, 1609, 1610, 1611, 1612, 1613, 1614, 1615, 1616, 1617, 1618, 1619, 1620, 1621, 1622, 1817, 1818, 1819, 1820, 1821, 1822, 1823, 1824, 1825, 1826, 1827, 1828, 1829, 1830, 1831, 1832, 1833, 1834, 1835, 1836, 8219, 8220, 8221, 8222, 8223, 8224, 8225, 8226, 8227, 8228, 8229, 8230, 8231, 8232, 8233, 8234, 8235, 8236, 8237, 8238, 6914, 6915, 6916, 6917, 6918, 6919, 6920, 6921, 6922, 6923, 6924, 6925, 6926, 6927, 6928, 6929, 6930, 6931, 6932, 6933, 7028, 7029, 7030, 7031, 7032, 7033, 7034, 7035, 7036, 7037, 7038, 7039, 7040, 7041, 7042, 7043, 7044, 7045, 7046, 7047, 5234, 5235, 5236, 5237, 5238, 5239, 5240, 5241, 5242, 5243, 5244, 5245, 5246, 5247, 5248, 5249, 5250, 5251, 5252, 5253, 501, 502, 503, 504, 505, 506, 507, 508, 509, 510, 511, 512, 513, 514, 515, 516, 517, 518, 519, 520, 5926, 5927, 5928, 5929, 5930, 5931, 5932, 5933, 5934, 5935, 5936, 5937, 5938, 5939, 5940, 5941, 5942, 5943, 5944, 5945, 5326, 5327, 5328, 5329, 5330, 5331, 5332, 5333, 5334, 5335, 5336, 5337, 5338, 5339, 5340, 5341, 5342, 5343, 5344, 5345, 8064, 8065, 8066, 8067, 8068, 8069, 8070, 8071, 8072, 8073, 8074, 8075, 8076, 8077, 8078, 8079, 8080, 8081, 8082, 8083, 3759, 3760, 3761, 3762, 3763, 3764, 3765, 3766, 3767, 3768, 3769, 3770, 3771, 3772, 3773, 3774, 3775, 3776, 3777, 3778, 9948, 9949, 9950, 9951, 9952, 9953, 9954, 9955, 9956, 9957, 9958, 9959, 9960, 9961, 9962, 9963, 9964, 9965, 9966, 9967, 1548, 1549, 1550, 1551, 1552, 1553, 1554, 1555, 1556, 1557, 1558, 1559, 1560, 1561, 1562, 1563, 1564, 1565, 1566, 1567, 5815, 5816, 5817, 5818, 5819, 5820, 5821, 5822, 5823, 5824, 5825, 5826, 5827, 5828, 5829, 5830, 5831, 5832, 5833, 5834, 6251, 6252, 6253, 6254, 6255, 6256, 6257, 6258, 6259, 6260, 6261, 6262, 6263, 6264, 6265, 6266, 6267, 6268, 6269, 6270, 1912, 1913, 1914, 1915, 1916, 1917, 1918, 1919, 1920, 1921, 1922, 1923, 1924, 1925, 1926, 1927, 1928, 1929, 1930, 1931, 1042, 1043, 1044, 1045, 1046, 1047, 1048, 1049, 1050, 1051, 1052, 1053, 1054, 1055, 1056, 1057, 1058, 1059, 1060, 1061, 2430, 2431, 2432, 2433, 2434, 2435, 2436, 2437, 2438, 2439, 2440, 2441, 2442, 2443, 2444, 2445, 2446, 2447, 2448, 2449, 7459, 7460, 7461, 7462, 7463, 7464, 7465, 7466, 7467, 7468, 7469, 7470, 7471, 7472, 7473, 7474, 7475, 7476, 7477, 7478, 8734, 8735, 8736, 8737, 8738, 8739, 8740, 8741, 8742, 8743, 8744, 8745, 8746, 8747, 8748, 8749, 8750, 8751, 8752, 8753, 4642, 4643, 4644, 4645, 4646, 4647, 4648, 4649, 4650, 4651, 4652, 4653, 4654, 4655, 4656, 4657, 4658, 4659, 4660, 4661, 5151, 5152, 5153, 5154, 5155, 5156, 5157, 5158, 5159, 5160, 5161, 5162, 5163, 5164, 5165, 5166, 5167, 5168, 5169, 5170, 8842, 8843, 8844, 8845, 8846, 8847, 8848, 8849, 8850, 8851, 8852, 8853, 8854, 8855, 8856, 8857, 8858, 8859, 8860, 8861, 2713, 2714, 2715, 2716, 2717, 2718, 2719, 2720, 2721, 2722, 2723, 2724, 2725, 2726, 2727, 2728, 2729, 2730, 2731, 2732, 358, 359, 360, 361, 362, 363, 364, 365, 366, 367, 368, 369, 370, 371, 372, 373, 374, 375, 376, 377, 4012, 4013, 4014, 4015, 4016, 4017, 4018, 4019, 4020, 4021, 4022, 4023, 4024, 4025, 4026, 4027, 4028, 4029, 4030, 4031, 9570, 9571, 9572, 9573, 9574, 9575, 9576, 9577, 9578, 9579, 9580, 9581, 9582, 9583, 9584, 9585, 9586, 9587, 9588, 9589, 4118, 4119, 4120, 4121, 4122, 4123, 4124, 4125, 4126, 4127, 4128, 4129, 4130, 4131, 4132, 4133, 4134, 4135, 4136, 4137, 8956, 8957, 8958, 8959, 8960, 8961, 8962, 8963, 8964, 8965, 8966, 8967, 8968, 8969, 8970, 8971, 8972, 8973, 8974, 8975, 3815, 3816, 3817, 3818, 3819, 3820, 3821, 3822, 3823, 3824, 3825, 3826, 3827, 3828, 3829, 3830, 3831, 3832, 3833, 3834, 2045, 2046, 2047, 2048, 2049, 2050, 2051, 2052, 2053, 2054, 2055, 2056, 2057, 2058, 2059, 2060, 2061, 2062, 2063, 2064, 8478, 8479, 8480, 8481, 8482, 8483, 8484, 8485, 8486, 8487, 8488, 8489, 8490, 8491, 8492, 8493, 8494, 8495, 8496, 8497, 9435, 9436, 9437, 9438, 9439, 9440, 9441, 9442, 9443, 9444, 9445, 9446, 9447, 9448, 9449, 9450, 9451, 9452, 9453, 9454, 8527, 8528, 8529, 8530, 8531, 8532, 8533, 8534, 8535, 8536, 8537, 8538, 8539, 8540, 8541, 8542, 8543, 8544, 8545, 8546, 6868, 6869, 6870, 6871, 6872, 6873, 6874, 6875, 6876, 6877, 6878, 6879, 6880, 6881, 6882, 6883, 6884, 6885, 6886, 6887, 6173, 6174, 6175, 6176, 6177, 6178, 6179, 6180, 6181, 6182, 6183, 6184, 6185, 6186, 6187, 6188, 6189, 6190, 6191, 6192, 3012, 3013, 3014, 3015, 3016, 3017, 3018, 3019, 3020, 3021, 3022, 3023, 3024, 3025, 3026, 3027, 3028, 3029, 3030, 3031, 2311, 2312, 2313, 2314, 2315, 2316, 2317, 2318, 2319, 2320, 2321, 2322, 2323, 2324, 2325, 2326, 2327, 2328, 2329, 2330, 2628, 2629, 2630, 2631, 2632, 2633, 2634, 2635, 2636, 2637, 2638, 2639, 2640, 2641, 2642, 2643, 2644, 2645, 2646, 2647, 649, 650, 651, 652, 653, 654, 655, 656, 657, 658, 659, 660, 661, 662, 663, 664, 665, 666, 667, 668, 7228, 7229, 7230, 7231, 7232, 7233, 7234, 7235, 7236, 7237, 7238, 7239, 7240, 7241, 7242, 7243, 7244, 7245, 7246, 7247, 106, 107, 108, 109, 110, 111, 112, 113, 114, 115, 116, 117, 118, 119, 120, 121, 122, 123, 124, 125, 9200, 9201, 9202, 9203, 9204, 9205, 9206, 9207, 9208, 9209, 9210, 9211, 9212, 9213, 9214, 9215, 9216, 9217, 9218, 9219, 3662, 3663, 3664, 3665, 3666, 3667, 3668, 3669, 3670, 3671, 3672, 3673, 3674, 3675, 3676, 3677, 3678, 3679, 3680, 3681, 9103, 9104, 9105, 9106, 9107, 9108, 9109, 9110, 9111, 9112, 9113, 9114, 9115, 9116, 9117, 9118, 9119, 9120, 9121, 9122, 3310, 3311, 3312, 3313, 3314, 3315, 3316, 3317, 3318, 3319, 3320, 3321, 3322, 3323, 3324, 3325, 3326, 3327, 3328, 3329, 6071, 6072, 6073, 6074, 6075, 6076, 6077, 6078, 6079, 6080, 6081, 6082, 6083, 6084, 6085, 6086, 6087, 6088, 6089, 6090, 7733, 7734, 7735, 7736, 7737, 7738, 7739, 7740, 7741, 7742, 7743, 7744, 7745, 7746, 7747, 7748, 7749, 7750, 7751, 7752, 5713, 5714, 5715, 5716, 5717, 5718, 5719, 5720, 5721, 5722, 5723, 5724, 5725, 5726, 5727, 5728, 5729, 5730, 5731, 5732, 7840, 7841, 7842, 7843, 7844, 7845, 7846, 7847, 7848, 7849, 7850, 7851, 7852, 7853, 7854, 7855, 7856, 7857, 7858, 7859, 459, 460, 461, 462, 463, 464, 465, 466, 467, 468, 469, 470, 471, 472, 473, 474, 475, 476, 477, 478, 5626, 5627, 5628, 5629, 5630, 5631, 5632, 5633, 5634, 5635, 5636, 5637, 5638, 5639, 5640, 5641, 5642, 5643, 5644, 5645, 3512, 3513, 3514, 3515, 3516, 3517, 3518, 3519, 3520, 3521, 3522, 3523, 3524, 3525, 3526, 3527, 3528, 3529, 3530, 3531, 7548, 7549, 7550, 7551, 7552, 7553, 7554, 7555, 7556, 7557, 7558, 7559, 7560, 7561, 7562, 7563, 7564, 7565, 7566, 7567, 7971, 7972, 7973, 7974, 7975, 7976, 7977, 7978, 7979, 7980, 7981, 7982, 7983, 7984, 7985, 7986, 7987, 7988, 7989, 7990, 4801, 4802, 4803, 4804, 4805, 4806, 4807, 4808, 4809, 4810, 4811, 4812, 4813, 4814, 4815, 4816, 4817, 4818, 4819, 4820, 6475, 6476, 6477, 6478, 6479, 6480, 6481, 6482, 6483, 6484, 6485, 6486, 6487, 6488, 6489, 6490, 6491, 6492, 6493, 6494, 4214, 4215, 4216, 4217, 4218, 4219, 4220, 4221, 4222, 4223, 4224, 4225, 4226, 4227, 4228, 4229, 4230, 4231, 4232, 4233, 1434, 1435, 1436, 1437, 1438, 1439, 1440, 1441, 1442, 1443, 1444, 1445, 1446, 1447, 1448, 1449, 1450, 1451, 1452, 1453, 5019, 5020, 5021, 5022, 5023, 5024, 5025, 5026, 5027, 5028, 5029, 5030, 5031, 5032, 5033, 5034, 5035, 5036, 5037, 5038, 6757, 6758, 6759, 6760, 6761, 6762, 6763, 6764, 6765, 6766, 6767, 6768, 6769, 6770, 6771, 6772, 6773, 6774, 6775, 6776, 702, 703, 704, 705, 706, 707, 708, 709, 710, 711, 712, 713, 714, 715, 716, 717, 718, 719, 720, 721, 3254, 3255, 3256, 3257, 3258, 3259, 3260, 3261, 3262, 3263, 3264, 3265, 3266, 3267, 3268, 3269, 3270, 3271, 3272, 3273, 4517, 4518, 4519, 4520, 4521, 4522, 4523, 4524, 4525, 4526, 4527, 4528, 4529, 4530, 4531, 4532, 4533, 4534, 4535, 4536, 1307, 1308, 1309, 1310, 1311, 1312, 1313, 1314, 1315, 1316, 1317, 1318, 1319, 1320, 1321, 1322, 1323, 1324, 1325, 1326, 7377, 7378, 7379, 7380, 7381, 7382, 7383, 7384, 7385, 7386, 7387, 7388, 7389, 7390, 7391, 7392, 7393, 7394, 7395, 7396, 3479, 3480, 3481, 3482, 3483, 3484, 3485, 3486, 3487, 3488, 3489, 3490, 3491, 3492, 3493, 3494, 3495, 3496, 3497, 3498, 8341, 8342, 8343, 8344, 8345, 8346, 8347, 8348, 8349, 8350, 8351, 8352, 8353, 8354, 8355, 8356, 8357, 8358, 8359, 8360, 937, 938, 939, 940, 941, 942, 943, 944, 945, 946, 947, 948, 949, 950, 951, 952, 953, 954, 955, 956, 2226, 2227, 2228, 2229, 2230, 2231, 2232, 2233, 2234, 2235, 2236, 2237, 2238, 2239, 2240, 2241, 2242, 2243, 2244, 2245, 9339, 9340, 9341, 9342, 9343, 9344, 9345, 9346, 9347, 9348, 9349, 9350, 9351, 9352, 9353, 9354, 9355, 9356, 9357, 9358, 7675, 7676, 7677, 7678, 7679, 7680, 7681, 7682, 7683, 7684, 7685, 7686, 7687, 7688, 7689, 7690, 7691, 7692, 7693, 7694, 4324, 4325, 4326, 4327, 4328, 4329, 4330, 4331, 4332, 4333, 4334, 4335, 4336, 4337, 4338, 4339, 4340, 4341, 4342, 4343, 9701, 9702, 9703, 9704, 9705, 9706, 9707, 9708, 9709, 9710, 9711, 9712, 9713, 9714, 9715, 9716, 9717, 9718, 9719, 9720, 2909, 2910, 2911, 2912, 2913, 2914, 2915, 2916, 2917, 2918, 2919, 2920, 2921, 2922, 2923, 2924, 2925, 2926, 2927, 2928, 6621, 6622, 6623, 6624, 6625, 6626, 6627, 6628, 6629, 6630, 6631, 6632, 6633, 6634, 6635, 6636, 6637, 6638, 6639, 6640, 2878, 2879, 2880, 2881, 2882, 2883, 2884, 2885, 2886, 2887, 2888, 2889, 2890, 2891, 2892, 2893, 2894, 2895, 2896, 2897, 9010, 9011, 9012, 9013, 9014, 9015, 9016, 9017, 9018, 9019, 9020, 9021, 9022, 9023, 9024, 9025, 9026, 9027, 9028, 9029, 9803, 9804, 9805, 9806, 9807, 9808, 9809, 9810, 9811, 9812, 9813, 9814, 9815, 9816, 9817, 9818, 9819, 9820, 9821, 9822, 6539, 6540, 6541, 6542, 6543, 6544, 6545, 6546, 6547, 6548, 6549, 6550, 6551, 6552, 6553, 6554, 6555, 6556, 6557, 6558, 8177, 8178, 8179, 8180, 8181, 8182, 8183, 8184, 8185, 8186, 8187, 8188, 8189, 8190, 8191, 8192, 8193, 8194, 8195, 8196, 4435, 4436, 4437, 4438, 4439, 4440, 4441, 4442, 4443, 4444, 4445, 4446, 4447, 4448, 4449, 4450, 4451, 4452, 4453, 4454, 2112, 2113, 2114, 2115, 2116, 2117, 2118, 2119, 2120, 2121, 2122, 2123, 2124, 2125, 2126, 2127, 2128, 2129, 2130, 2131, 8657, 8658, 8659, 8660, 8661, 8662, 8663, 8664, 8665, 8666, 8667, 8668, 8669, 8670, 8671, 8672, 8673, 8674, 8675, 8676, 1170, 1171, 1172, 1173, 1174, 1175, 1176, 1177, 1178, 1179, 1180, 1181, 1182, 1183, 1184, 1185, 1186, 1187, 1188, 1189, 3127, 3128, 3129, 3130, 3131, 3132, 3133, 3134, 3135, 3136, 3137, 3138, 3139, 3140, 3141, 3142, 3143, 3144, 3145, 3146, 1277, 1278, 1279, 1280, 1281, 1282, 1283, 1284, 1285, 1286, 1287, 1288, 1289, 1290, 1291, 1292, 1293, 1294, 1295, 1296, 847, 848, 849, 850, 851, 852, 853, 854, 855, 856, 857, 858, 859, 860, 861, 862, 863, 864, 865, 866, 7177, 7178, 7179, 7180, 7181, 7182, 7183, 7184, 7185, 7186, 7187, 7188, 7189, 7190, 7191, 7192, 7193, 7194, 7195, 7196, 1715, 1716, 1717, 1718, 1719, 1720, 1721, 1722, 1723, 1724, 1725, 1726, 1727, 1728, 1729, 1730, 1731, 1732, 1733, 1734, 11, 12, 13, 14, 15, 16, 17, 18, 19, 20, 21, 22, 23, 24, 25, 26, 27, 28, 29, 30, 251, 252, 253, 254, 255, 256, 257, 258, 259, 260, 261, 262, 263, 264, 265, 266, 267, 268, 269, 270, 4952, 4953, 4954, 4955, 4956, 4957, 4958, 4959, 4960, 4961, 4962, 4963, 4964, 4965, 4966, 4967, 4968, 4969, 4970, 4971, 6370, 6371, 6372, 6373, 6374, 6375, 6376, 6377, 6378, 6379, 6380, 6381, 6382, 6383, 6384, 6385, 6386, 6387, 6388, 6389]"

segunda parte do runDataOld é o mais atual mas ainda com o bug dos pesos

um dos modelos novos mas que precisa ser rodado sem o bug dos pesos (acho que vai ter que rodar tudo de novo):
2000,100,clip,ViT-B/32,DEFAULT,clip,ViT-B/16,DEFAULT,0.875,0.911,0.796587690750151,0.8284928,timm/mini-imagenet(0)
2000,100,clip,ViT-B/32,DEFAULT,clip,ViT-L/14,DEFAULT,0.8785,0.936,0.6473039126032314,0.6961471,timm/mini-imagenet(0)
2000,100,clip,ViT-B/32,DEFAULT,open_clip,ViT-B-32-256,DEFAULT,0.879,0.919,0.558131075772537,0.62865835,timm/mini-imagenet(0)
2000,100,clip,ViT-B/32,DEFAULT,open_clip,ViT-B-16,DEFAULT,0.875,0.9145,0.621259294610513,0.6880345,timm/mini-imagenet(0)
2000,100,clip,ViT-B/32,DEFAULT,open_clip,ViT-L-14,DEFAULT,0.873,0.932,0.5949880980242118,0.6580837,timm/mini-imagenet(0)
2000,100,clip,ViT-B/32,DEFAULT,torchvision,resnet18,IMAGENET1K_V1,0.874,0.769,0.27681783247097336,0.33721825,timm/mini-imagenet(0)
2000,100,clip,ViT-B/32,DEFAULT,torchvision,resnet50,IMAGENET1K_V1,0.8725,0.8485,0.28300605755297875,0.35073793,timm/mini-imagenet(0)
2000,100,clip,ViT-B/32,DEFAULT,torchvision,resnet152,IMAGENET1K_V1,0.8765,0.887,0.2843517759413742,0.3534917,timm/mini-imagenet(0)
2000,100,clip,ViT-B/32,DEFAULT,torchvision,convnext_tiny,IMAGENET1K_V1,0.876,0.949,0.18007006217174792,0.305629,timm/mini-imagenet(0)
2000,100,clip,ViT-B/32,DEFAULT,torchvision,convnext_base,IMAGENET1K_V1,0.8725,0.9805,0.14677668541408645,0.29680553,timm/mini-imagenet(0)
2000,100,clip,ViT-B/32,DEFAULT,torchvision,regnet_y_16gf,IMAGENET1K_V1,0.8725,0.9135,0.32382634436185914,0.38990995,timm/mini-imagenet(0)
2000,100,clip,ViT-B/32,DEFAULT,torchvision,regnet_y_16gf,IMAGENET1K_V2,0.876,0.98,0.32382634436185914,0.38990995,timm/mini-imagenet(0)
2000,100,clip,ViT-B/32,DEFAULT,torchvision,regnet_y_16gf,IMAGENET1K_SWAG_E2E_V1,0.875,0.9245,0.32382634436185914,0.38990995,timm/mini-imagenet(0)
2000,100,clip,ViT-B/32,DEFAULT,torchvision,regnet_y_32gf,IMAGENET1K_V2,0.874,0.9705,0.20340674571985823,0.3421815,timm/mini-imagenet(0)
2000,100,clip,ViT-B/32,DEFAULT,torchvision,vit_b_16,IMAGENET1K_V1,0.8775,0.966,0.05915954071560855,0.23494036,timm/mini-imagenet(0)
2000,100,clip,ViT-B/32,DEFAULT,torchvision,vit_b_16,IMAGENET1K_SWAG_E2E_V1,0.874,0.9535,0.05915954071560855,0.23494036,timm/mini-imagenet(0)
2000,100,clip,ViT-B/32,DEFAULT,torchvision,vit_l_16,IMAGENET1K_V1,0.874,0.99,0.05651655585839529,0.25065383,timm/mini-imagenet(0)

resultados revalidação - faltou resnet18 com efficientnet_b7:
2000,100,torchvision,resnet18,IMAGENET1K_V1,torchvision,resnet50,IMAGENET1K_V1,0.774,0.8635,0.8476184966991839,0.86426497,timm/mini-imagenet(0)
2000,100,torchvision,resnet18,IMAGENET1K_V1,torchvision,resnet152,IMAGENET1K_V1,0.784,0.89,0.8157543870232175,0.8365084,timm/mini-imagenet(0)
2000,100,torchvision,resnet18,IMAGENET1K_V1,torchvision,regnet_y_32gf,IMAGENET1K_V2,0.792,0.971,0.2818943219021189,0.40705153,timm/mini-imagenet(0)
2000,100,torchvision,resnet18,IMAGENET1K_V1,torchvision,convnext_tiny,IMAGENET1K_V1,0.7855,0.9505,0.22486203968875249,0.3501909,timm/mini-imagenet(0)
2000,100,torchvision,resnet18,IMAGENET1K_V1,torchvision,convnext_base,IMAGENET1K_V1,0.7895,0.9795,0.11416162000166506,0.2890768,timm/mini-imagenet(0)
2000,100,torchvision,resnet18,IMAGENET1K_V1,torchvision,vit_l_16,IMAGENET1K_V1,0.779,0.9865,0.015200956061661662,0.24897586,timm/mini-imagenet(0)
2000,100,torchvision,resnet18,IMAGENET1K_V1,torchvision,vit_h_14,IMAGENET1K_SWAG_E2E_V1,0.797,0.9705,0.32014732957966235,0.41075075,timm/mini-imagenet(0)
2000,100,torchvision,resnet18,IMAGENET1K_V1,torchvision,swin_t,IMAGENET1K_V1,0.7985,0.9385,0.07171325526118141,0.2600328,timm/mini-imagenet(0)
2000,100,torchvision,resnet18,IMAGENET1K_V1,torchvision,swin_v2_t,IMAGENET1K_V1,0.7915,0.9605,0.1191267301153142,0.3037399,timm/mini-imagenet(0)
2000,100,torchvision,resnet18,IMAGENET1K_V1,torchvision,maxvit_t,IMAGENET1K_V1,0.7585,0.981,0.10019999527475523,0.10188684,timm/mini-imagenet(0)
2000,100,torchvision,resnet18,IMAGENET1K_V1,torchvision,efficientnet_b0,IMAGENET1K_V1,0.7795,0.9005,0.17238403249089862,0.33645463,timm/mini-imagenet(0)
2000,100,torchvision,resnet18,IMAGENET1K_V1,torchvision,efficientnet_b4,IMAGENET1K_V1,0.79,0.976,-0.08012366793792565,-0.034026735,timm/mini-imagenet(0)
2000,100,torchvision,resnet18,IMAGENET1K_V1,torchvision,efficientnet_b7,IMAGENET1K_V1,0.778,0.983,0.09518300813120399,0.28770655,timm/mini-imagenet(0)
2000,100,torchvision,resnet50,IMAGENET1K_V1,torchvision,resnet152,IMAGENET1K_V1,0.8525,0.8915,0.8666729947329216,0.8875984,timm/mini-imagenet(0)
2000,100,torchvision,resnet50,IMAGENET1K_V1,torchvision,regnet_y_32gf,IMAGENET1K_V2,0.855,0.976,0.32141623987202456,0.46619448,timm/mini-imagenet(0)
2000,100,torchvision,resnet50,IMAGENET1K_V1,torchvision,convnext_tiny,IMAGENET1K_V1,0.877,0.953,0.24459711016107827,0.39179102,timm/mini-imagenet(0)
2000,100,torchvision,resnet50,IMAGENET1K_V1,torchvision,convnext_base,IMAGENET1K_V1,0.8585,0.9805,0.13931358695025037,0.3409243,timm/mini-imagenet(0)
2000,100,torchvision,resnet50,IMAGENET1K_V1,torchvision,vit_l_16,IMAGENET1K_V1,0.8565,0.99,0.018533570909978068,0.29158092,timm/mini-imagenet(0)
2000,100,torchvision,resnet50,IMAGENET1K_V1,torchvision,vit_h_14,IMAGENET1K_SWAG_E2E_V1,0.8725,0.973,0.3418837443310411,0.45135096,timm/mini-imagenet(0)
2000,100,torchvision,resnet50,IMAGENET1K_V1,torchvision,swin_t,IMAGENET1K_V1,0.8565,0.9445,0.09071443791231304,0.30796304,timm/mini-imagenet(0)
2000,100,torchvision,resnet50,IMAGENET1K_V1,torchvision,swin_v2_t,IMAGENET1K_V1,0.861,0.9555,0.14312227696862367,0.3545752,timm/mini-imagenet(0)
2000,100,torchvision,resnet50,IMAGENET1K_V1,torchvision,maxvit_t,IMAGENET1K_V1,0.858,0.9795,0.1110094964772385,0.119234934,timm/mini-imagenet(0)
2000,100,torchvision,resnet50,IMAGENET1K_V1,torchvision,efficientnet_b0,IMAGENET1K_V1,0.8625,0.9,0.20393856877943853,0.3882798,timm/mini-imagenet(0)
2000,100,torchvision,resnet50,IMAGENET1K_V1,torchvision,efficientnet_b4,IMAGENET1K_V1,0.876,0.9745,-0.06510321913541996,-0.01062698,timm/mini-imagenet(0)
2000,100,torchvision,resnet50,IMAGENET1K_V1,torchvision,efficientnet_b7,IMAGENET1K_V1,0.8575,0.985,0.12151818268042235,0.34200782,timm/mini-imagenet(0)
2000,100,torchvision,resnet152,IMAGENET1K_V1,torchvision,regnet_y_32gf,IMAGENET1K_V2,0.89,0.973,0.34100573692456515,0.49816465,timm/mini-imagenet(0)
2000,100,torchvision,resnet152,IMAGENET1K_V1,torchvision,convnext_tiny,IMAGENET1K_V1,0.8995,0.9485,0.24600448647386622,0.40820304,timm/mini-imagenet(0)
2000,100,torchvision,resnet152,IMAGENET1K_V1,torchvision,convnext_base,IMAGENET1K_V1,0.9035,0.981,0.1530847746615499,0.37112918,timm/mini-imagenet(0)
2000,100,torchvision,resnet152,IMAGENET1K_V1,torchvision,vit_l_16,IMAGENET1K_V1,0.8835,0.988,0.025050607977590768,0.3215468,timm/mini-imagenet(0)
2000,100,torchvision,resnet152,IMAGENET1K_V1,torchvision,vit_h_14,IMAGENET1K_SWAG_E2E_V1,0.877,0.9465,0.35154533624137624,0.4717108,timm/mini-imagenet(0)
2000,100,torchvision,resnet152,IMAGENET1K_V1,torchvision,swin_t,IMAGENET1K_V1,0.8815,0.9415,0.10560138823712165,0.3383332,timm/mini-imagenet(0)
2000,100,torchvision,resnet152,IMAGENET1K_V1,torchvision,swin_v2_t,IMAGENET1K_V1,0.8775,0.9565,0.15668415804155902,0.3843544,timm/mini-imagenet(0)
2000,100,torchvision,resnet152,IMAGENET1K_V1,torchvision,maxvit_t,IMAGENET1K_V1,0.868,0.984,0.10056501775107075,0.11928847,timm/mini-imagenet(0)
2000,100,torchvision,resnet152,IMAGENET1K_V1,torchvision,efficientnet_b0,IMAGENET1K_V1,0.869,0.8975,0.22805292382725395,0.4227084,timm/mini-imagenet(0)
2000,100,torchvision,resnet152,IMAGENET1K_V1,torchvision,efficientnet_b4,IMAGENET1K_V1,0.8885,0.974,-0.06925901343778007,-0.007932115,timm/mini-imagenet(0)
2000,100,torchvision,resnet152,IMAGENET1K_V1,torchvision,efficientnet_b7,IMAGENET1K_V1,0.8805,0.985,0.1366606408175911,0.3737807,timm/mini-imagenet(0)